123000
120300
120003
120030
132000
130200
103200
130002
102300
103002
102030
103020
100230
130020
100203
102003
100032
100023
213000
100320
210300
210003
210030
100302
230010
231000
203100
230001
230100
201300
203001
203010
200130
201003
200310
201030
200031
200301
200013
320100
320010
320001
312000
310200
310020
321000
301200
301020
200103
310002
302001
301002
302100
300201
300120
300102
300012
300021
023100
023010
300210
021300
023001
021030
020130
021003
020310
020301
020103
020013
302010
020031
032001
032100
031020
031002
031200
030120
030102
032010
030021
030012
030201
013020
030210
012300
012030
013200
010230
010203
012003
010302
013002
010023
010320
003120
003210
010032
003021
003201
003012
001320
001230
001203
001023
003102
001032
001302
002103
002130
002031
002301
002310
000123
002013
000213
000321
000312
000132
000231
