12340000
12304000
12300400
12300040
12403000
12400300
12400030
12430000
12043000
12400003
12040030
12040003
12040300
12300004
12030040
12030400
12003400
12003040
12003004
12030004
12004300
12004003
12000430
12004030
12000340
12000403
12034000
12000043
12000034
13204000
13200400
13200040
12000304
13240000
13402000
13200004
13400200
13400002
13400020
13040200
13042000
13040002
13420000
13040020
13020040
13024000
13002400
13002040
13020400
13002004
13004200
13020004
13000420
13004020
13004002
13000204
13000024
13000402
14320000
14300200
14302000
14300020
13000240
14230000
14203000
13000042
14200300
14200003
14023000
14200030
14020030
14300002
14030200
14030020
14020300
14030002
14032000
14020003
14003200
14003020
14002030
14002300
14002003
14003002
14000203
14000230
14000032
14000320
10342000
14000023
14000302
10340002
10340200
10324000
10340020
10320004
10320040
10302400
10302004
10304200
10320400
10304020
10304002
10300402
10300420
10300204
10302040
10300240
10432000
10300042
10300024
10430200
10423000
10430020
10420030
10430002
10420003
10420300
10402003
10402300
10402030
10403200
10400320
10400302
10403020
10403002
10400023
10400203
10400230
10243000
10240300
10240003
10234000
10400032
10230400
10230040
10230004
10203400
10240030
10204300
10203040
10203004
10204030
10204003
10200340
10200430
10200403
10200304
10200034
10042300
10042003
10042030
10200043
10043020
10043002
10043200
10040320
10040230
10040203
10040023
10040302
10040032
10024003
10023400
10024030
10023040
10024300
10023004
10020340
10020304
10020043
10020403
10020430
10020034
10032400
10032040
10034200
10032004
10034020
10034002
10030420
10030204
10030402
10030024
10030240
10002304
10030042
10002340
10002403
10002430
10002034
10003240
10003204
10003402
10002043
10003042
10004320
10004302
10003420
10004230
10003024
10004032
10004203
10000342
10004023
10000324
10000432
10000234
10000423
10000243
21304000
21300400
21340000
21300040
21403000
21430000
21300004
21400030
21043000
21400300
21040030
21040300
21400003
21030400
21040003
21034000
21030040
21003400
21003040
21004300
21003004
21004003
21004030
21000430
21000340
21030004
21000403
21000034
21000043
21000304
23100400
23104000
23140000
23100004
23100040
23410000
23400100
23401000
23400010
23040100
23041000
23400001
23040010
23040001
23010040
23010400
23014000
23010004
23001004
23001400
23001040
23004100
23004010
23000401
23000410
23000104
23004001
23000140
24310000
23000014
23000041
24300100
24300001
24300010
24301000
24103000
24100300
24100030
24130000
24013000
24010300
24010003
24010030
24100003
24030010
24031000
24030001
24003100
24003001
24030100
24001030
24003010
24001300
24000103
24000130
24001003
24000310
24000013
24000301
20341000
20340010
20340001
24000031
20314000
20310400
20310040
20340100
20310004
20301040
20301400
20301004
20304001
20304100
20300401
20304010
20300140
20300014
20300410
20300104
20300041
20431000
20430010
20430001
20430100
20410030
20413000
20410300
20410003
20401003
20403100
20403010
20401030
20403001
20401300
20400310
20400301
20400103
20400130
20400013
20140300
20400031
20140030
20143000
20140003
20130040
20134000
20130400
20103400
20103040
20130004
20104300
20103004
20100430
20104003
20104030
20100403
20100034
20100340
20100304
20041030
20100043
20041003
20043100
20041300
20043010
20043001
20040301
20040130
20040310
20040013
20040103
20040031
20014030
20013400
20014300
20013040
20013004
20014003
20010304
20010340
20010403
20010043
20010034
20031040
20031400
20034100
20010430
20031004
20030410
20034001
20034010
20030140
20030104
20030014
20001340
20030401
20001304
20030041
20001430
20001034
20003140
20001043
20003410
20003104
20003041
20003401
20001403
20004301
20003014
20004310
20004013
20004130
20004103
20000341
20004031
20000314
20000413
20000143
20000431
20000134
32140000
32104000
32100040
32100004
32100400
32400100
32401000
32400010
32041000
32410000
32400001
32040100
32040001
32040010
32010400
32014000
32010040
32001400
32010004
32001004
32004010
32004001
32004100
32000410
32001040
32000140
32000401
32000104
32000041
31240000
31200400
31204000
31200040
32000014
31200004
31400200
31402000
31400002
31420000
31042000
31040020
31400020
31040002
31024000
31040200
31020400
31020040
31020004
31002040
31002400
31004200
31002004
31004002
31000402
31000420
31000204
31004020
31000024
31000042
31000240
34100200
34102000
34100020
34210000
34100002
34201000
34200010
34120000
34200100
34020100
34200001
34020001
34020010
34021000
34010020
34012000
34010200
34010002
34001020
34001200
34002100
34002010
34002001
34000210
34000201
34001002
34000012
34000120
34000102
34000021
30140020
30140200
30124000
30120400
30142000
30140002
30102400
30120004
30120040
30102004
30104200
30104020
30102040
30104002
30100402
30100420
30100024
30100204
30100240
30412000
30410200
30410020
30421000
30410002
30420100
30420001
30420010
30402100
30100042
30402010
30401200
30401020
30402001
30400120
30401002
30400201
30400210
30400021
30400102
30400012
30240100
30241000
30214000
30240001
30210400
30210040
30240010
30201040
30201400
30210004
30201004
30204100
30204001
30200410
30200401
30200104
30204010
30200041
30200014
30042010
30200140
30042100
30041020
30042001
30041002
30040120
30041200
30040210
30040102
30040021
30040201
30024100
30024001
30040012
30021040
30024010
30020140
30021004
30020410
30021400
30020041
30020104
30020401
30020014
30012400
30012040
30014020
30012004
30014002
30014200
30010402
30010420
30010240
30010042
30010024
30002140
30002410
30002104
30002401
30002041
30001240
30002014
30001420
30001204
30001042
30001024
30001402
30010204
30004210
30004102
30004201
30004021
30004012
30000124
30004120
30000412
30000241
42310000
30000421
42301000
30000214
30000142
42300010
42300001
42130000
42103000
42100030
42100003
42300100
42010030
42013000
42100300
42031000
42010003
42030010
42030100
42010300
42003001
42030001
42003010
42003100
42001003
42001300
42000103
42001030
42000130
42000310
42000301
42000013
43210000
43201000
42000031
43200010
43200001
43120000
43102000
43100020
43100200
43100002
43012000
43010200
43010020
43021000
43010002
43200100
43020100
43020001
43002010
43020010
43002001
43002100
43001020
43001002
43000120
43001200
43000210
43000201
43000021
43000012
43000102
41300200
41320000
41302000
41300002
41300020
41203000
41230000
41200003
41200300
41023000
41020030
41020300
41020003
41032000
41200030
41030002
41030020
41030200
41003200
41003002
41002300
41003020
41002003
41002030
41000230
41000320
41000302
41000023
41000032
41000203
40310020
40310200
40312000
40321000
40320100
40320010
40320001
40310002
40302100
40301200
40302001
40301002
40302010
40301020
40300102
40300210
40300021
40300120
40132000
40300201
40130020
40300012
40123000
40130200
40120030
40130002
40102300
40120300
40120003
40102003
40102030
40103002
40103020
40103200
40100302
40100230
40100320
40100203
40213000
40100032
40210300
40210030
40100023
40230100
40210003
40230001
40230010
40203100
40203010
40203001
40231000
40201300
40201030
40200103
40201003
40200301
40200031
40200310
40200013
40200130
40012300
40012003
40013200
40013002
40012030
40010302
40013020
40010320
40010203
40010230
40010023
40021300
40010032
40023100
40021030
40023010
40020310
40023001
40020130
40020301
40020103
40021003
40020013
40032100
40032010
40020031
40032001
40031020
40031002
40030120
40031200
40030210
40030102
40030201
40002310
40030012
40030021
40002301
40002013
40002031
40002103
40003201
40002130
40003102
40003210
40003021
40003120
40001302
40001320
40001203
40003012
40001032
40001023
40001230
40000312
40000132
40000123
40000231
40000213
02341000
40000321
02340010
02340100
02340001
02314000
02310040
02310400
02301400
02301004
02310004
02304010
02304001
02301040
02300410
02304100
02300140
02300104
02300401
02300014
02300041
02430100
02430001
02430010
02413000
02431000
02410030
02410300
02410003
02401300
02401003
02403100
02403001
02401030
02403010
02400310
02400301
02400130
02400013
02400031
02400103
02140030
02143000
02140300
02134000
02140003
02130400
02103400
02130040
02103040
02103004
02130004
02104003
02104030
02104300
02100340
02100430
02100403
02100043
02100304
02041030
02041300
02043100
02041003
02040310
02043001
02100034
02040301
02040103
02040130
02040013
02040031
02043010
02013400
02014030
02013040
02013004
02014300
02010340
02014003
02010430
02010403
02010043
02010034
02010304
02031040
02031400
02031004
02034001
02030401
02034010
02034100
02030410
02030104
02030140
02030041
02030014
02001340
02001430
02001304
02001043
02003140
02001403
02001034
02003104
02003410
02003041
02003401
02003014
02004310
02004301
02004103
02004031
02004130
02000314
02000341
02000413
02004013
02000143
02000134
03240100
02000431
03240010
03240001
03210040
03214000
03241000
03201400
03210400
03210004
03204100
03204010
03201004
03200410
03204001
03201040
03200014
03200140
03200401
03200104
03420010
03200041
03421000
03412000
03420100
03410020
03410200
03410002
03401200
03401020
03401002
03402010
03402100
03420001
03402001
03400210
03400102
03400201
03400120
03400012
03142000
03400021
03140020
03140200
03124000
03120400
03120004
03102400
03120040
03102004
03102040
03140002
03100420
03104020
03104200
03100240
03104002
03100204
03100402
03041200
03041020
03041002
03100024
03100042
03042001
03042100
03040210
03042010
03040120
03040102
03040201
03040012
03014200
03040021
03014020
03014002
03012040
03012400
03012004
03010420
03010204
03010042
03010402
03021400
03010240
03021004
03021040
03024010
03024100
03010024
03024001
03020140
03020401
03020104
03020014
03001240
03020410
03001420
03001204
03020041
03001024
03001042
03002104
03002410
03001402
03002140
03002014
03002041
03004210
03004201
03004102
03004120
03002401
03004012
03000214
03000421
03000412
03000241
03004021
03000142
04321000
04320100
03000124
04320010
04320001
04312000
04310200
04310020
04301200
04310002
04301002
04302010
04302001
04302100
04300201
04301020
04300210
04300012
04300120
04300021
04230100
04300102
04230001
04231000
04230010
04210300
04210030
04201300
04213000
04201030
04210003
04201003
04203100
04203001
04203010
04200301
04200130
04200310
04200103
04200013
04200031
04123000
04120003
04120300
04132000
04120030
04130002
04130020
04130200
04103020
04103200
04103002
04102030
04100230
04102300
04100203
04100320
04100302
04100032
04100023
04102003
04021030
04021003
04023100
04023010
04021300
04020310
04020301
04020130
04020013
04020103
04012030
04020031
04012300
04023001
04012003
04013200
04010320
04013002
04013020
04010302
04010023
04010230
04010032
04031200
04010203
04031020
04031002
04032100
04032010
04032001
04030201
04030210
04030120
04030012
04030021
04030102
04001302
04001230
04001203
04001032
04001023
04003120
04003102
04001320
04003012
04003210
04002310
04003021
04003201
04002013
04002301
04002031
04002130
04002103
04000231
04000321
04000312
04000213
04000132
04000123
01342000
01340020
01340002
01324000
01340200
01320004
01320040
01320400
01302004
01302040
01304020
01302400
01304200
01300420
01304002
01300204
01300024
01300240
01300042
01432000
01300402
01430200
01430020
01423000
01430002
01420300
01402300
01420030
01420003
01402003
01402030
01403020
01403002
01403200
01400302
01400203
01400230
01400023
01400032
01400320
01243000
01240030
01240300
01240003
01234000
01230040
01230400
01230004
01203040
01203004
01204030
01203400
01200430
01204300
01204003
01200304
01200340
01200403
01042300
01200034
01042030
01042003
01043200
01200043
01043002
01040302
01043020
01040320
01040230
01040203
01040023
01024030
01040032
01024300
01024003
01023400
01023040
01023004
01020304
01020430
01020340
01020403
01020034
01032400
01032040
01020043
01034200
01034020
01030420
01034002
01032004
01030402
01030024
01030240
01002340
01030042
01002304
01002430
01002403
01002043
01003240
01030204
01003204
01002034
01003042
01003420
01003402
01003024
01004320
01004302
01004023
01004230
01004203
01000324
01004032
01000342
01000243
01000423
00341200
01000234
00341002
01000432
00341020
00342001
00342010
00342100
00340201
00340210
00340120
00340102
00340021
00314020
00314200
00312400
00340012
00314002
00310240
00312040
00310204
00310420
00312004
00310042
00310402
00310024
00321400
00324100
00321040
00324010
00324001
00320410
00320140
00320401
00321004
00320104
00320041
00320014
00301420
00301204
00301042
00301240
00301402
00302104
00302140
00302401
00302041
00302410
00301024
00304201
00302014
00304210
00304012
00304120
00304021
00300241
00304102
00300412
00300142
00431200
00300214
00431020
00300124
00432100
00300421
00430210
00432010
00431002
00430201
00430120
00432001
00430102
00430012
00430021
00413020
00413002
00412300
00412030
00413200
00410203
00410230
00412003
00410032
00410302
00410023
00421030
00421300
00410320
00423100
00423010
00420310
00423001
00420301
00420130
00421003
00420031
00420013
00420103
00401230
00401320
00401023
00401203
00401302
00401032
00402130
00402301
00402103
00402013
00402031
00403201
00403210
00402310
00403012
00403102
00403120
00403021
00400213
00400132
00400231
00400321
00400312
00400123
00143002
00143200
00143020
00142003
00142300
00140203
00140230
00140302
00142030
00140032
00140023
00140320
00134020
00134002
00134200
00132400
00130240
00132040
00130204
00132004
00130402
00130042
00130024
00130420
00123004
00123040
00123400
00124030
00124300
00124003
00120340
00120430
00120403
00120304
00103240
00120034
00120043
00103204
00103402
00103420
00103024
00102340
00102430
00102304
00102043
00102403
00103042
00104230
00102034
00104203
00104320
00104032
00104302
00100243
00100423
00104023
00100432
00100234
00100342
00241300
00241003
00241030
00243010
00243100
00243001
00100324
00240301
00240310
00240130
00240031
00240013
00240103
00214300
00213400
00214003
00213004
00213040
00210304
00214030
00210340
00210403
00210430
00210043
00210034
00231004
00231400
00234100
00234001
00231040
00230410
00230401
00234010
00230014
00230140
00201340
00230104
00201430
00230041
00201304
00201043
00201403
00201034
00203104
00203401
00203140
00203410
00204301
00203041
00204130
00203014
00204310
00204103
00204031
00200314
00204013
00200413
00200341
00200431
00041203
00200143
00041320
00041230
00041032
00200134
00042130
00041023
00042310
00041302
00042031
00042301
00042013
00042103
00043210
00043102
00043120
00043021
00043201
00040231
00040213
00040312
00040321
00040132
00043012
00014230
00014203
00014320
00014032
00014023
00040123
00014302
00012340
00012430
00012034
00012403
00012304
00013204
00013240
00012043
00013042
00013402
00013024
00013420
00010243
00010234
00010342
00010324
00010423
00021430
00021403
00010432
00021304
00021034
00021043
00024310
00021340
00024130
00024103
00024301
00024013
00023401
00024031
00023104
00023410
00023014
00023140
00020413
00020431
00020341
00020314
00020134
00031240
00020143
00031420
00023041
00031402
00031042
00031024
00032140
00032410
00031204
00032104
00032041
00032014
00034210
00032401
00034102
00034201
00034012
00034021
00030241
00034120
00030421
00030214
00030142
00030412
00001234
00030124
00001243
00001432
00001324
00001342
00002143
00001423
00002341
00002314
00003214
00002431
00003241
00002134
00003142
00003124
00003412
00002413
00004231
00003421
00004312
00004213
00004123
00004132
00004321
